frame_num	lost_fov	lost_uni	sponza_fov	sponza_uni	san_fov	san_uni
1	37.4869	5.14735	26.5196	1.65222	23.6303	1.36497
2	38.2741	5.29269	26.9099	1.71309	24.7567	1.39427
3	36.3147	5.30952	30.6797	1.69734	24.9486	1.39569
4	35.9862	5.70688	30.7231	1.71927	27.0141	1.40978
5	36.6623	6.6146	26.8098	3.11792	31.8453	1.40215
6	39.8763	5.68522	26.969	2.21986	24.8012	1.4045
7	40.6455	5.69994	28.4654	1.7174	24.6099	1.40589
8	41.0455	6.11746	29.3715	1.69935	25.6519	1.40011
9	43.1742	6.81482	29.3382	1.72157	31.3318	1.40153
10	42.5852	7.26025	29.4974	1.71852	28.0534	1.40598
11	41.4324	7.319	30.1387	1.78152	26.1467	1.39934
12	43.8475	6.52577	29.67	1.73634	26.0334	1.40087
13	44.6909	4.09311	29.4845	1.79517	25.8344	1.38673
14	43.8814	2.47664	29.1338	2.20472	26.1289	1.37653
15	46.5771	2.47384	29.3695	2.25698	25.6832	1.38055
16	43.8044	2.48596	29.7319	2.25257	25.7341	1.37965
17	42.5923	2.48448	29.5811	1.96929	26.1406	1.37618
18	43.2	3.85726	29.6427	1.9664	26.196	1.37989
19	44.3978	8.53654	29.5596	1.95968	25.7129	1.38332
20	44.1665	5.2043	29.5638	1.95851	26.0398	1.37628
21	41.9174	3.22462	29.5051	1.75601	26.0171	1.37853
22	46.7297	5.09405	29.9839	1.74365	26.0419	1.38044
23	40.9521	5.00583	30.8396	1.74349	26.0142	1.37871
24	39.0389	4.98966	31.3859	1.75714	25.9521	1.38077
25	37.0833	5.05372	29.5317	1.81203	25.7897	1.3849
26	37.8772	3.18395	29.3805	1.79603	26.0335	1.38493
27	37.6067	3.82282	30.8151	1.7966	25.9287	1.38353
28	37.2515	3.12029	30.5618	1.8014	29.5332	1.38459
29	36.7022	2.57838	28.9482	1.80572	29.6064	1.36875
30	36.77	2.57123	28.6121	1.79135	26.9577	1.37763
31	36.7659	4.98975	27.8831	1.78046	33.1249	1.38132
32	38.6763	4.9968	30.4754	1.75905	27.1702	1.38252
33	41.4403	5.30766	37.0141	1.75956	32.4723	1.37786
34	40.5853	5.31975	29.3182	1.73311	26.873	1.39089
35	48.4492	5.26848	30.0242	1.75245	31.9803	1.38636
36	47.1315	5.13287	29.7119	1.74558	27.3472	1.36825
37	45.7358	3.41259	35.5222	1.76657	33.3442	1.38576
38	42.5301	2.62848	33.7882	1.76717	26.2869	1.37774
39	42.4624	2.67318	32.0237	1.7534	32.406	1.37854
40	42.5861	2.58214	32.7252	1.75871	28.3879	1.30639
41	43.6998	3.38978	35.3048	1.75692	30.8755	1.30547
42	43.9245	5.0431	32.03	1.75845	28.9712	1.29954
43	44.619	2.60221	29.7899	1.73039	26.3428	1.29987
44	44.4762	2.57422	30.9369	1.75937	25.9377	1.28317
45	41.9108	2.57779	32.1187	1.76089	26.245	1.26892
46	42.5543	5.14876	31.9994	1.75883	26.1826	1.28
47	41.45	5.08975	31.8931	1.81598	28.6035	1.28021
48	40.5277	3.35099	31.3075	1.81116	35.3046	1.2796
49	41.4609	2.70463	31.189	1.80929	17.8055	1.33684
50	43.8427	5.13045	31.6795	1.80944	25.4091	1.33749
51	43.8348	7.47522	29.7869	1.80742	25.9213	1.33619
52	44.8113	8.34677	29.5869	2.96965	28.5213	1.33565
53	41.0828	6.45895	29.9097	2.25422	33.8339	1.33745
54	38.8461	6.62155	30.1915	1.80843	26.4366	1.32418
55	39.337	6.79705	29.8448	1.81518	25.3522	1.33687
56	42.9438	6.09932	29.9983	2.85615	33.2282	1.23737
57	38.089	5.94733	29.9548	2.86046	24.8392	1.23668
58	39.1668	3.92133	28.5831	2.89617	25.8829	1.23672
59	35.6935	3.95635	34.5598	2.87597	19.3014	1.23699
60	39.6893	3.91658	30.655	2.72741	25.9434	1.33929
61	38.9914	4.69708	31.1807	2.81389	25.5366	1.33745
62	42.9556	4.91473	30.9379	2.86453	25.4613	1.33071
63	45.596	4.90238	31.1334	2.76786	27.9029	1.33927
64	45.2685	7.65544	31.6463	2.11145	26.5221	1.23528
65	46.662	7.05428	31.1401	1.69078	26.2884	1.24031
66	42.8711	6.3086	31.5594	1.68618	30.6794	1.23506
67	43.5726	5.21148	30.2408	1.69074	32.3871	1.34004
68	42.4643	6.51423	30.9966	1.69062	41.4193	1.33424
69	43.2529	6.65002	31.548	1.69164	45.2736	1.34137
70	42.6461	6.43038	31.4829	1.68458	45.3329	1.33303
71	41.04	6.38185	31.2446	1.68681	44.5905	1.24275
72	41.7602	6.4155	30.6774	1.68555	37.2698	1.22334
73	42.1909	5.71487	30.9806	1.68546	26.7374	1.23687
74	42.4973	5.0169	30.5577	1.68085	26.5319	1.21929
75	41.7725	4.14967	30.4479	1.67163	26.0828	1.21704
76	41.7261	4.20434	30.275	1.69014	25.3318	1.21592
77	42.808	4.81157	30.2168	1.68299	24.8075	1.20163
78	42.9086	5.00675	30.2703	1.68489	25.0491	1.18344
79	40.6553	4.78746	30.0508	1.68926	26.2818	1.19766
80	40.053	4.80968	30.0832	1.67199	26.676	1.19809
81	39.3959	4.77268	29.8464	2.36732	25.8077	1.19545
82	38.7821	4.71154	30.1183	2.01297	26.1403	1.19377
83	40.2168	4.60009	30.0157	1.76984	25.8698	1.19291
84	39.713	5.07928	34.2365	1.99758	25.6541	1.19003
85	40.2708	5.69737	30.4157	1.98715	48.269	1.19048
86	38.73	5.4179	30.1271	1.98073	25.8139	1.19023
87	38.8713	3.84099	29.8654	1.98254	25.1218	1.19233
88	38.6064	2.47777	30.1115	1.98313	25.9478	1.1952
89	38.2913	2.46998	29.8849	1.99395	26.2224	1.19657
90	38.1471	2.47092	30.4076	1.99228	25.4304	1.19699
91	38.5807	2.48508	33.5137	1.69956	41.3289	1.19865
92	37.2785	2.45255	30.1269	1.68825	52.1868	1.21713
93	37.7972	2.45584	30.4559	1.68145	26.1843	1.21917
94	37.3105	2.47239	30.7884	1.68632	58.2391	1.21624
95	37.6039	2.44789	30.5274	1.67828	26.2029	1.24276
96	37.7942	2.46153	30.2901	1.69824	26.5273	1.23867
97	37.6217	2.44006	35.2813	1.69383	26.7064	1.23086
98	37.3807	2.46878	30.0408	1.90232	26.0726	1.3428
99	37.4268	2.47175	29.9182	1.89314	25.3709	1.34462
100	36.9617	2.49407	34.146	1.89838	25.5236	1.32937
101	39.7983	2.45071	30.027	1.90042	25.5224	1.23618
102	37.5528	2.50376	29.9926	1.88966	26.0601	1.22941
103	38.7156	3.39079	30.0637	1.8995	26.3996	1.23316
104	39.0858	5.35104	31.9341	1.84733	27.1863	1.23985
105	38.7592	2.50038	29.8588	1.83904	28.2386	1.22236
106	38.3628	2.47899	34.5186	1.8377	28.184	1.21966
107	37.994	2.49817	30.141	1.77883	29.2158	1.2221
108	37.8053	2.46871	30.0999	1.77742	30.786	1.19337
109	41.7104	2.48829	30.2024	1.76808	28.0739	1.19893
110	49.5629	2.47412	30.7649	1.76665	25.7572	1.19382
111	39.8848	2.48997	30.679	1.7608	29.8708	1.19542
112	40.5085	2.48978	30.3371	1.74991	31.2303	1.18826
113	39.8406	2.45501	33.8865	1.74706	28.7823	1.19199
114	43.201	2.461	29.9797	1.74809	31.4506	1.19309
115	43.3361	2.47983	29.9457	1.73828	28.6387	1.19546
116	43.7407	2.46697	29.6383	1.86071	30.6502	1.1905
117	38.4981	3.81901	29.4998	1.86211	27.7349	1.22555
118	37.5399	8.52604	30.8923	1.85916	26.9186	1.21096
119	37.6348	2.46855	35.0451	1.84678	26.6737	1.22311
120	37.731	2.43907	35.3708	1.85562	26.4418	1.24128
121	37.1356	2.45396	31.4564	1.86483	29.2757	1.24087
122	37.4505	2.47407	29.8442	1.88703	39.0562	1.23164
123	37.2711	2.4394	30.0414	1.87824	28.9943	1.2411
124	37.4084	2.4572	29.9627	1.8779	27.3528	1.33168
125	37.6885	2.50344	29.625	1.87901	27.3776	1.34236
126	38.697	2.48326	29.3797	1.85407	28.3456	1.32289
127	40.4171	2.49586	30.0739	1.8773	43.7019	1.22716
128	40.8982	2.50285	29.974	1.85376	43.12	1.23635
129	41.1937	2.51518	33.8491	1.8781	39.7513	1.23636
130	43.0611	2.52227	29.8359	1.87669	30.5127	1.22942
131	42.5129	2.53993	30.068	2.92817	27.539	1.24232
132	41.4032	2.51882	29.9275	2.20961	27.1198	1.23243
133	41.6095	2.5375	31.7061	1.84972	26.8139	1.23438
134	41.5648	2.49352	35.2477	1.87181	27.1182	1.23878
135	39.0137	2.50117	30.562	1.86131	25.9577	1.23783
136	37.6106	2.49208	29.6216	1.86083	33.5706	1.2378
137	37.4474	2.47939	33.3309	1.83708	33.2349	1.23181
138	39.0844	2.51405	29.6482	2.06219	27.7884	1.23677
139	37.8656	2.49808	29.7345	2.05611	26.6694	1.23693
140	39.451	2.47599	29.6112	1.88876	29.0029	1.23447
141	38.4668	2.49997	33.0129	1.79346	28.2315	1.23959
142	38.3166	2.51469	35.6275	1.82999	27.4202	1.235
143	38.7693	2.4766	34.2887	1.81967	27.2587	1.2294
144	46.4796	2.51838	29.8226	1.83532	51.9424	0.796822
145	39.6424	2.49081	31.2926	2.9125	32.6723	0.803006
146	39.5969	2.47434	35.5779	2.89953	29.4612	0.873364
147	39.6944	2.49072	31.6464	1.87231	29.3407	0.971851
148	40.7239	2.5056	30.2819	1.867	28.2975	0.972669
149	40.2221	2.48322	32.3879	1.84283	28.3874	0.974374
150	40.0988	2.49364	32.1638	1.85592	28.4469	1.00482
151	40.3359	2.49807	31.1713	1.86779	27.6661	4.77463
152	41.2752	2.4764	31.5989	2.90425	26.578	4.76692
153	40.4483	2.5149	32.3585	2.87577	27.9896	1.80865
154	40.833	2.48117	32.9378	2.95692	29.9978	1.15831
155	40.7062	2.50111	32.4736	2.97019	27.9308	1.15141
156	40.3736	2.51254	32.0513	2.98044	29.8275	1.15563
157	41.3131	8.52095	32.7199	2.96642	30.1294	1.15364
158	41.8607	3.88327	32.6147	2.95904	29.2306	1.14333
159	44.5285	2.51048	32.7236	2.9614	30.0861	1.15256
160	42.7507	2.48208	32.7801	3.00072	34.7344	1.15491
161	43.0618	2.50686	32.7168	2.98231	28.8115	1.15318
162	43.3352	2.51659	31.7188	2.94743	28.4855	1.14821
163	42.7304	2.50361	31.7292	2.90272	29.608	1.13642
164	42.6148	2.48513	31.7397	2.90931	37.1055	1.14687
165	41.7535	2.48035	31.5017	2.85822	35.9631	1.14422
166	42.8413	2.51644	31.6299	2.86922	27.4302	1.15537
167	41.7991	2.52759	31.4541	2.91322	28.707	1.15432
168	43.209	2.51437	30.6806	2.90987	28.7317	1.15741
169	41.5736	2.13026	31.8643	2.88192	32.5295	1.16086
170	41.053	1.88053	30.9809	2.89186	33.531	1.16595
171	41.045	1.87202	31.5056	2.90903	32.5227	1.16479
172	40.2555	1.89007	31.7334	2.90752	33.5886	3.68706
173	58.9032	1.88893	31.884	2.89726	33.9797	3.74327
174	40.269	1.87626	31.0538	2.85872	33.2993	1.8757
175	39.1559	1.88951	31.624	2.90452	27.3469	1.24971
176	39.0818	1.86717	30.9309	2.89353	27.8788	1.24805
177	38.5316	1.90452	31.1072	2.90801	27.3182	1.24943
178	38.282	1.86908	31.201	3.00838	32.9839	1.2393
179	38.6576	1.91052	30.7293	2.95954	29.047	1.24106
180	38.9272	1.89091	30.5698	2.89786	31.7123	1.24829
181	44.5933	1.90655	30.7596	2.60016	26.5841	1.2483
182	43.0252	1.99636	31.9096	2.29304	26.1374	1.25028
183	42.5156	2.03401	33.1905	2.29183	26.4183	1.24717
184	40.9435	2.05298	36.0359	2.28995	25.8115	1.24952
185	43.9795	2.05702	32.0378	2.30443	27.2006	1.24739
186	42.6196	2.05812	32.1487	2.33221	26.3989	1.24828
187	41.7854	2.10519	30.3916	1.98417	27.0347	1.2454
188	44.7324	2.19703	30.0783	3.13132	29.7132	1.24725
189	44.7754	2.20276	30.5332	3.11191	35.7651	1.24946
190	45.0217	2.30003	30.3791	1.70152	27.2257	1.32116
191	40.9461	2.32738	29.5803	1.67755	27.224	1.31471
192	40.5118	2.32529	29.5382	1.69985	39.55	1.31693
193	39.8315	2.3272	29.704	1.67845	35.9419	4.1319
194	40.6819	2.33229	29.8931	1.68113	26.4471	4.11035
195	40.2534	2.33146	29.7197	1.67711	26.5658	4.14537
196	40.448	2.33722	29.6189	1.68714	26.2719	3.9223
197	40.0538	2.33378	30.7007	1.6948	33.871	3.79217
198	40.1277	2.33039	33.2094	3.00737	26.4688	3.96406
199	40.3337	3.63054	29.92	3.03042	25.7345	4.26963
200	39.9066	8.45318	30.0633	2.97293	26.2866	2.20976
201	40.0224	5.61858	30.0135	3.00006	26.379	1.54812
202	40.193	2.43941	29.6645	2.05315	26.645	1.54518
203	45.5104	2.43483	29.8274	2.06647	36.4047	1.38663
204	60.2959	2.41494	30.0476	2.06406	34.4135	1.38446
